
Inizializzazione in 0.000108 sec

Mappa creata in 0.000579 sec

Inizio computazione

 -Eseguo moltiplicazione, numero righe: 40     (0.000030 sec)
 -Eseguo Gauss, numero righe: 40               (0.009205 sec)
Gradi della matrice = { 4  5  6 }

Matrice intermedia:

0 0 0 0 0 0 0 0 0 829 0 0 0 0 0 0 0 0 0 810 0 0 0 0 0 0 0 0 0 0 0 0 0 0 266 0 0 0 0 0 0 0 0 0 0 0 0 0 0 0 0 0 0 0 0 404 0 0 0 0 0 0 0 0 0 0 0 0 0 0 0 0 0 0 0 0 0 0 0 0 0 0 0 1 


0 0 0 0 0 0 0 0 829 0 0 0 0 0 0 0 0 0 810 0 0 0 0 0 0 0 0 0 0 0 0 0 0 266 0 0 0 0 0 0 0 0 0 0 0 0 0 0 0 0 0 0 0 0 404 0 0 0 0 0 0 0 0 0 0 0 0 0 0 0 0 0 0 0 0 0 0 0 0 0 0 0 1 0 


0 0 0 0 0 0 0 0 0 7 0 0 0 0 0 680 0 0 680 680 0 0 0 0 0 0 0 0 565 565 0 0 0 565 0 0 0 0 0 0 0 0 0 0 0 0 0 0 0 0 0 0 0 0 0 0 0 0 0 0 0 0 0 0 0 0 0 0 1 1031 1 0 0 0 1031 1031 0 0 0 0 0 1 0 0 


0 0 0 0 0 0 0 0 7 0 0 0 0 0 680 0 0 680 680 0 0 0 0 0 0 0 0 565 565 0 0 0 565 0 0 0 0 0 0 0 0 0 0 0 0 0 0 0 0 0 0 0 0 0 0 0 0 0 0 0 0 0 0 0 0 0 0 1 1031 1 0 0 0 1031 1031 0 0 0 0 0 1 0 0 0 


0 0 0 0 0 0 0 7 0 0 0 0 0 680 0 0 680 680 0 0 0 0 0 0 0 0 565 565 0 0 0 565 0 0 0 0 0 0 0 0 0 0 0 0 0 0 0 0 0 0 0 0 0 0 0 0 0 0 0 0 0 0 0 0 0 0 1 1031 1 0 0 0 1031 1031 0 0 0 0 0 1 0 0 0 0 


0 0 0 0 0 0 0 0 654 0 0 0 0 0 0 0 0 163 0 0 0 0 0 0 0 0 0 0 0 0 0 454 0 0 0 0 0 0 0 0 0 0 0 0 0 0 0 0 0 0 0 1000 0 0 0 0 0 0 0 0 0 0 0 0 0 0 0 0 0 0 0 0 0 0 0 0 0 0 1 0 0 0 0 0 


0 0 0 0 0 0 0 654 0 0 0 0 0 0 0 0 163 0 0 0 0 0 0 0 0 0 0 0 0 0 454 0 0 0 0 0 0 0 0 0 0 0 0 0 0 0 0 0 0 0 1000 0 0 0 0 0 0 0 0 0 0 0 0 0 0 0 0 0 0 0 0 0 0 0 0 0 0 1 0 0 0 0 0 0 


0 0 0 0 0 0 829 0 0 0 0 0 0 0 0 810 0 0 0 0 0 0 0 0 0 0 0 0 0 266 0 0 0 0 0 0 0 0 0 0 0 0 0 0 0 0 0 0 0 404 0 0 0 0 0 0 0 0 0 0 0 0 0 0 0 0 0 0 0 0 0 0 0 0 0 0 1 0 0 0 0 0 0 0 


0 0 0 0 0 829 0 0 0 0 0 0 0 0 810 0 0 0 0 0 0 0 0 0 0 0 0 0 266 0 0 0 0 0 0 0 0 0 0 0 0 0 0 0 0 0 0 0 404 0 0 0 0 0 0 0 0 0 0 0 0 0 0 0 0 0 0 0 0 0 0 0 0 0 0 1 0 0 0 0 0 0 0 0 


0 0 0 0 0 0 7 0 0 0 0 0 680 0 680 680 0 0 0 0 0 0 0 0 565 565 0 0 565 0 0 0 0 0 0 0 0 0 0 0 0 0 0 0 0 0 0 0 0 0 0 0 0 0 0 0 0 0 0 0 0 0 0 1 1031 1 0 0 1031 1031 0 0 0 0 1 0 0 0 0 0 0 0 0 0 


0 0 0 0 0 7 0 0 0 0 0 680 0 680 680 0 0 0 0 0 0 0 0 565 565 0 0 565 0 0 0 0 0 0 0 0 0 0 0 0 0 0 0 0 0 0 0 0 0 0 0 0 0 0 0 0 0 0 0 0 0 0 1 1031 1 0 0 1031 1031 0 0 0 0 1 0 0 0 0 0 0 0 0 0 0 


0 0 0 0 0 0 654 0 0 0 0 0 0 0 163 0 0 0 0 0 0 0 0 0 0 0 0 454 0 0 0 0 0 0 0 0 0 0 0 0 0 0 0 0 0 0 1000 0 0 0 0 0 0 0 0 0 0 0 0 0 0 0 0 0 0 0 0 0 0 0 0 0 1 0 0 0 0 0 0 0 0 0 0 0 


0 0 0 0 0 654 0 0 0 0 0 0 0 163 0 0 0 0 0 0 0 0 0 0 0 0 454 0 0 0 0 0 0 0 0 0 0 0 0 0 0 0 0 0 0 1000 0 0 0 0 0 0 0 0 0 0 0 0 0 0 0 0 0 0 0 0 0 0 0 0 0 1 0 0 0 0 0 0 0 0 0 0 0 0 


0 0 0 0 829 0 0 0 0 0 0 0 810 0 0 0 0 0 0 0 0 0 0 0 0 266 0 0 0 0 0 0 0 0 0 0 0 0 0 0 0 0 0 0 404 0 0 0 0 0 0 0 0 0 0 0 0 0 0 0 0 0 0 0 0 0 0 0 0 0 1 0 0 0 0 0 0 0 0 0 0 0 0 0 


0 0 0 0 829 408 1019 829 0 1026 0 0 483 0 119 26 0 810 353 353 0 0 0 0 936 169 0 0 872 468 0 0 266 468 0 0 0 0 0 0 0 0 0 0 404 0 0 0 225 0 0 0 0 404 0 0 0 0 0 0 0 0 0 1031 4 1031 0 0 3 6 0 0 0 0 0 0 0 0 0 0 0 0 0 0 


0 0 0 0 7 0 0 0 0 0 680 680 680 0 0 0 0 0 0 0 0 565 565 0 565 0 0 0 0 0 0 0 0 0 0 0 0 0 0 0 0 0 0 0 0 0 0 0 0 0 0 0 0 0 0 0 0 0 0 1 1031 1 0 1031 1031 0 0 0 1 0 0 0 0 0 0 0 0 0 0 0 0 0 0 0 


0 0 0 0 1012 1019 758 1026 0 654 26 732 26 26 380 0 353 353 163 0 0 371 371 936 274 0 468 496 0 0 0 468 454 0 0 0 0 0 0 0 0 0 0 0 0 0 66 0 0 0 0 0 1000 0 0 0 0 0 0 1030 6 1030 1031 10 4 0 1032 6 0 0 0 0 0 0 0 0 0 0 0 0 0 0 0 0 


0 0 0 0 654 0 0 0 0 0 0 163 0 0 0 0 0 0 0 0 0 0 0 454 0 0 0 0 0 0 0 0 0 0 0 0 0 0 0 0 0 1000 0 0 0 0 0 0 0 0 0 0 0 0 0 0 0 0 0 0 0 0 0 0 0 0 1 0 0 0 0 0 0 0 0 0 0 0 0 0 0 0 0 0 


0 0 0 0 0 0 0 0 0 736 0 0 0 0 0 178 0 0 0 0 0 0 0 0 0 612 0 0 0 0 0 0 0 0 0 0 0 0 0 0 168 0 0 0 0 0 0 0 0 0 0 0 0 0 0 0 0 0 0 0 0 1 0 0 0 0 0 0 0 0 0 0 0 0 0 0 0 0 0 0 0 0 0 0 


0 0 0 0 0 0 0 0 736 0 0 0 0 0 178 0 0 0 0 0 0 0 0 0 612 0 0 0 0 0 0 0 0 0 0 0 0 0 0 168 0 0 0 0 0 0 0 0 0 0 0 0 0 0 0 0 0 0 0 0 1 0 0 0 0 0 0 0 0 0 0 0 0 0 0 0 0 0 0 0 0 0 0 0 


0 0 0 0 0 0 0 736 0 0 0 0 0 178 0 0 0 0 0 0 0 0 0 612 0 0 0 0 0 0 0 0 0 0 0 0 0 0 168 0 0 0 0 0 0 0 0 0 0 0 0 0 0 0 0 0 0 0 0 1 0 0 0 0 0 0 0 0 0 0 0 0 0 0 0 0 0 0 0 0 0 0 0 0 


0 0 0 0 0 0 736 0 0 0 0 0 178 0 0 0 0 0 0 0 0 0 612 0 0 0 0 0 0 0 0 0 0 0 0 0 0 168 0 0 0 0 0 0 0 0 0 0 0 0 0 0 0 0 0 0 0 0 1 0 0 0 0 0 0 0 0 0 0 0 0 0 0 0 0 0 0 0 0 0 0 0 0 0 


0 0 0 0 0 736 0 0 0 0 0 178 0 0 0 0 0 0 0 0 0 612 0 0 0 0 0 0 0 0 0 0 0 0 0 0 168 0 0 0 0 0 0 0 0 0 0 0 0 0 0 0 0 0 0 0 0 1 0 0 0 0 0 0 0 0 0 0 0 0 0 0 0 0 0 0 0 0 0 0 0 0 0 0 


0 0 0 0 736 0 0 0 0 0 178 0 0 0 0 0 0 0 0 0 612 0 0 0 0 0 0 0 0 0 0 0 0 0 0 168 0 0 0 0 0 0 0 0 0 0 0 0 0 0 0 0 0 0 0 0 1 0 0 0 0 0 0 0 0 0 0 0 0 0 0 0 0 0 0 0 0 0 0 0 0 0 0 0 


0 0 0 829 0 0 0 0 0 810 0 0 0 0 0 0 0 0 0 266 0 0 0 0 0 0 0 0 0 0 0 0 0 0 404 0 0 0 0 0 0 0 0 0 0 0 0 0 0 0 0 0 0 0 0 1 0 0 0 0 0 0 0 0 0 0 0 0 0 0 0 0 0 0 0 0 0 0 0 0 0 0 0 0 


0 0 829 0 0 0 0 0 810 0 0 0 0 0 0 0 0 0 266 0 0 0 0 0 0 0 0 0 0 0 0 0 0 404 0 0 0 0 0 0 0 0 0 0 0 0 0 0 0 0 0 0 0 0 1 0 0 0 0 0 0 0 0 0 0 0 0 0 0 0 0 0 0 0 0 0 0 0 0 0 0 0 0 0 


0 0 0 7 0 0 680 0 680 680 0 0 0 0 565 565 0 0 565 0 0 0 0 0 0 0 0 0 0 0 0 0 0 0 0 0 0 0 0 0 0 0 1 1031 1 0 0 1031 1031 0 0 0 0 1 0 0 0 0 0 0 0 0 0 0 0 0 0 0 0 0 0 0 0 0 0 0 0 0 0 0 0 0 0 0 


0 0 7 0 0 680 0 680 680 0 0 0 0 565 565 0 0 565 0 0 0 0 0 0 0 0 0 0 0 0 0 0 0 0 0 0 0 0 0 0 0 1 1031 1 0 0 1031 1031 0 0 0 0 1 0 0 0 0 0 0 0 0 0 0 0 0 0 0 0 0 0 0 0 0 0 0 0 0 0 0 0 0 0 0 0 


0 0 0 654 0 0 0 0 163 0 0 0 0 0 0 0 0 454 0 0 0 0 0 0 0 0 0 0 0 0 0 1000 0 0 0 0 0 0 0 0 0 0 0 0 0 0 0 0 0 0 0 1 0 0 0 0 0 0 0 0 0 0 0 0 0 0 0 0 0 0 0 0 0 0 0 0 0 0 0 0 0 0 0 0 


0 0 654 0 0 0 0 163 0 0 0 0 0 0 0 0 454 0 0 0 0 0 0 0 0 0 0 0 0 0 1000 0 0 0 0 0 0 0 0 0 0 0 0 0 0 0 0 0 0 0 1 0 0 0 0 0 0 0 0 0 0 0 0 0 0 0 0 0 0 0 0 0 0 0 0 0 0 0 0 0 0 0 0 0 


0 829 0 0 0 0 810 0 0 0 0 0 0 0 0 266 0 0 0 0 0 0 0 0 0 0 0 0 0 404 0 0 0 0 0 0 0 0 0 0 0 0 0 0 0 0 0 0 0 1 0 0 0 0 0 0 0 0 0 0 0 0 0 0 0 0 0 0 0 0 0 0 0 0 0 0 0 0 0 0 0 0 0 0 


0 7 0 0 680 680 680 0 0 0 0 565 565 0 565 0 0 0 0 0 0 0 0 0 0 0 0 0 0 0 0 0 0 0 0 0 0 0 1 1031 1 0 1031 1031 0 0 0 1 0 0 0 0 0 0 0 0 0 0 0 0 0 0 0 0 0 0 0 0 0 0 0 0 0 0 0 0 0 0 0 0 0 0 0 0 


0 654 0 0 0 163 0 0 0 0 0 0 0 454 0 0 0 0 0 0 0 0 0 0 0 0 1000 0 0 0 0 0 0 0 0 0 0 0 0 0 0 0 0 0 0 1 0 0 0 0 0 0 0 0 0 0 0 0 0 0 0 0 0 0 0 0 0 0 0 0 0 0 0 0 0 0 0 0 0 0 0 0 0 0 


0 0 0 736 0 0 178 0 0 0 0 0 612 0 0 0 0 0 0 0 0 0 168 0 0 0 0 0 0 0 0 0 0 0 0 0 0 1 0 0 0 0 0 0 0 0 0 0 0 0 0 0 0 0 0 0 0 0 0 0 0 0 0 0 0 0 0 0 0 0 0 0 0 0 0 0 0 0 0 0 0 0 0 0 


0 0 736 0 0 178 0 0 0 0 0 612 0 0 0 0 0 0 0 0 0 168 0 0 0 0 0 0 0 0 0 0 0 0 0 0 1 0 0 0 0 0 0 0 0 0 0 0 0 0 0 0 0 0 0 0 0 0 0 0 0 0 0 0 0 0 0 0 0 0 0 0 0 0 0 0 0 0 0 0 0 0 0 0 


0 736 0 0 178 0 0 0 0 0 612 0 0 0 0 0 0 0 0 0 168 0 0 0 0 0 0 0 0 0 0 0 0 0 0 1 0 0 0 0 0 0 0 0 0 0 0 0 0 0 0 0 0 0 0 0 0 0 0 0 0 0 0 0 0 0 0 0 0 0 0 0 0 0 0 0 0 0 0 0 0 0 0 0 


829 0 0 810 0 0 0 0 0 266 0 0 0 0 0 0 0 0 0 404 0 0 0 0 0 0 0 0 0 0 0 0 0 0 1 0 0 0 0 0 0 0 0 0 0 0 0 0 0 0 0 0 0 0 0 0 0 0 0 0 0 0 0 0 0 0 0 0 0 0 0 0 0 0 0 0 0 0 0 0 0 0 0 0 


7 680 680 680 0 565 565 0 565 0 0 0 0 0 0 0 0 0 0 0 0 0 0 1 1031 1 0 1031 1031 0 0 0 1 0 0 0 0 0 0 0 0 0 0 0 0 0 0 0 0 0 0 0 0 0 0 0 0 0 0 0 0 0 0 0 0 0 0 0 0 0 0 0 0 0 0 0 0 0 0 0 0 0 0 0 


654 0 163 0 0 0 0 454 0 0 0 0 0 0 0 0 1000 0 0 0 0 0 0 0 0 0 0 0 0 0 1 0 0 0 0 0 0 0 0 0 0 0 0 0 0 0 0 0 0 0 0 0 0 0 0 0 0 0 0 0 0 0 0 0 0 0 0 0 0 0 0 0 0 0 0 0 0 0 0 0 0 0 0 0 


736 178 0 0 612 0 0 0 0 0 168 0 0 0 0 0 0 0 0 0 1 0 0 0 0 0 0 0 0 0 0 0 0 0 0 0 0 0 0 0 0 0 0 0 0 0 0 0 0 0 0 0 0 0 0 0 0 0 0 0 0 0 0 0 0 0 0 0 0 0 0 0 0 0 0 0 0 0 0 0 0 0 0 0 




 -Eseguo moltiplicazione, numero righe: 112     (0.000123 sec)
 -Eseguo Gauss, numero righe: 40               (0.000398 sec)
Gradi della matrice = { 4  5  6 }

Target raggiunto, soluzione trovata in 0.011920 sec

0 0 0 0 0 0 0 0 0 829 0 0 0 0 0 0 0 0 0 810 0 0 0 0 0 0 0 0 0 0 0 0 0 0 266 0 0 0 0 0 0 0 0 0 0 0 0 0 0 0 0 0 0 0 0 404 0 0 0 0 0 0 0 0 0 0 0 0 0 0 0 0 0 0 0 0 0 0 0 0 0 0 0 1 


0 0 0 0 0 0 0 0 829 0 0 0 0 0 0 0 0 0 810 0 0 0 0 0 0 0 0 0 0 0 0 0 0 266 0 0 0 0 0 0 0 0 0 0 0 0 0 0 0 0 0 0 0 0 404 0 0 0 0 0 0 0 0 0 0 0 0 0 0 0 0 0 0 0 0 0 0 0 0 0 0 0 1 0 


0 0 0 0 0 0 0 0 0 7 0 0 0 0 0 680 0 0 680 680 0 0 0 0 0 0 0 0 565 565 0 0 0 565 0 0 0 0 0 0 0 0 0 0 0 0 0 0 0 0 0 0 0 0 0 0 0 0 0 0 0 0 0 0 0 0 0 0 1 1031 1 0 0 0 1031 1031 0 0 0 0 0 1 0 0 


0 0 0 0 0 0 0 0 7 0 0 0 0 0 680 0 0 680 680 0 0 0 0 0 0 0 0 565 565 0 0 0 565 0 0 0 0 0 0 0 0 0 0 0 0 0 0 0 0 0 0 0 0 0 0 0 0 0 0 0 0 0 0 0 0 0 0 1 1031 1 0 0 0 1031 1031 0 0 0 0 0 1 0 0 0 


0 0 0 0 0 0 0 7 0 0 0 0 0 680 0 0 680 680 0 0 0 0 0 0 0 0 565 565 0 0 0 565 0 0 0 0 0 0 0 0 0 0 0 0 0 0 0 0 0 0 0 0 0 0 0 0 0 0 0 0 0 0 0 0 0 0 1 1031 1 0 0 0 1031 1031 0 0 0 0 0 1 0 0 0 0 


0 0 0 0 0 0 0 0 654 0 0 0 0 0 0 0 0 163 0 0 0 0 0 0 0 0 0 0 0 0 0 454 0 0 0 0 0 0 0 0 0 0 0 0 0 0 0 0 0 0 0 1000 0 0 0 0 0 0 0 0 0 0 0 0 0 0 0 0 0 0 0 0 0 0 0 0 0 0 1 0 0 0 0 0 


0 0 0 0 0 0 0 654 0 0 0 0 0 0 0 0 163 0 0 0 0 0 0 0 0 0 0 0 0 0 454 0 0 0 0 0 0 0 0 0 0 0 0 0 0 0 0 0 0 0 1000 0 0 0 0 0 0 0 0 0 0 0 0 0 0 0 0 0 0 0 0 0 0 0 0 0 0 1 0 0 0 0 0 0 


0 0 0 0 0 0 829 0 0 0 0 0 0 0 0 810 0 0 0 0 0 0 0 0 0 0 0 0 0 266 0 0 0 0 0 0 0 0 0 0 0 0 0 0 0 0 0 0 0 404 0 0 0 0 0 0 0 0 0 0 0 0 0 0 0 0 0 0 0 0 0 0 0 0 0 0 1 0 0 0 0 0 0 0 


0 0 0 0 0 829 0 0 0 0 0 0 0 0 810 0 0 0 0 0 0 0 0 0 0 0 0 0 266 0 0 0 0 0 0 0 0 0 0 0 0 0 0 0 0 0 0 0 404 0 0 0 0 0 0 0 0 0 0 0 0 0 0 0 0 0 0 0 0 0 0 0 0 0 0 1 0 0 0 0 0 0 0 0 


0 0 0 0 0 0 7 0 0 0 0 0 680 0 680 680 0 0 0 0 0 0 0 0 565 565 0 0 565 0 0 0 0 0 0 0 0 0 0 0 0 0 0 0 0 0 0 0 0 0 0 0 0 0 0 0 0 0 0 0 0 0 0 1 1031 1 0 0 1031 1031 0 0 0 0 1 0 0 0 0 0 0 0 0 0 


0 0 0 0 0 7 0 0 0 0 0 680 0 680 680 0 0 0 0 0 0 0 0 565 565 0 0 565 0 0 0 0 0 0 0 0 0 0 0 0 0 0 0 0 0 0 0 0 0 0 0 0 0 0 0 0 0 0 0 0 0 0 1 1031 1 0 0 1031 1031 0 0 0 0 1 0 0 0 0 0 0 0 0 0 0 


0 0 0 0 0 0 654 0 0 0 0 0 0 0 163 0 0 0 0 0 0 0 0 0 0 0 0 454 0 0 0 0 0 0 0 0 0 0 0 0 0 0 0 0 0 0 1000 0 0 0 0 0 0 0 0 0 0 0 0 0 0 0 0 0 0 0 0 0 0 0 0 0 1 0 0 0 0 0 0 0 0 0 0 0 


0 0 0 0 0 654 0 0 0 0 0 0 0 163 0 0 0 0 0 0 0 0 0 0 0 0 454 0 0 0 0 0 0 0 0 0 0 0 0 0 0 0 0 0 0 1000 0 0 0 0 0 0 0 0 0 0 0 0 0 0 0 0 0 0 0 0 0 0 0 0 0 1 0 0 0 0 0 0 0 0 0 0 0 0 


0 0 0 0 829 0 0 0 0 0 0 0 810 0 0 0 0 0 0 0 0 0 0 0 0 266 0 0 0 0 0 0 0 0 0 0 0 0 0 0 0 0 0 0 404 0 0 0 0 0 0 0 0 0 0 0 0 0 0 0 0 0 0 0 0 0 0 0 0 0 1 0 0 0 0 0 0 0 0 0 0 0 0 0 


0 0 0 0 829 408 1019 829 0 1026 0 0 483 0 119 26 0 810 353 353 0 0 0 0 936 169 0 0 872 468 0 0 266 468 0 0 0 0 0 0 0 0 0 0 404 0 0 0 225 0 0 0 0 404 0 0 0 0 0 0 0 0 0 1031 4 1031 0 0 3 6 0 0 0 0 0 0 0 0 0 0 0 0 0 0 


0 0 0 0 7 0 0 0 0 0 680 680 680 0 0 0 0 0 0 0 0 565 565 0 565 0 0 0 0 0 0 0 0 0 0 0 0 0 0 0 0 0 0 0 0 0 0 0 0 0 0 0 0 0 0 0 0 0 0 1 1031 1 0 1031 1031 0 0 0 1 0 0 0 0 0 0 0 0 0 0 0 0 0 0 0 


0 0 0 0 1012 1019 758 1026 0 654 26 732 26 26 380 0 353 353 163 0 0 371 371 936 274 0 468 496 0 0 0 468 454 0 0 0 0 0 0 0 0 0 0 0 0 0 66 0 0 0 0 0 1000 0 0 0 0 0 0 1030 6 1030 1031 10 4 0 1032 6 0 0 0 0 0 0 0 0 0 0 0 0 0 0 0 0 


0 0 0 0 654 0 0 0 0 0 0 163 0 0 0 0 0 0 0 0 0 0 0 454 0 0 0 0 0 0 0 0 0 0 0 0 0 0 0 0 0 1000 0 0 0 0 0 0 0 0 0 0 0 0 0 0 0 0 0 0 0 0 0 0 0 0 1 0 0 0 0 0 0 0 0 0 0 0 0 0 0 0 0 0 


0 0 0 0 0 0 0 0 0 736 0 0 0 0 0 178 0 0 0 0 0 0 0 0 0 612 0 0 0 0 0 0 0 0 0 0 0 0 0 0 168 0 0 0 0 0 0 0 0 0 0 0 0 0 0 0 0 0 0 0 0 1 0 0 0 0 0 0 0 0 0 0 0 0 0 0 0 0 0 0 0 0 0 0 


0 0 0 0 0 0 0 0 736 0 0 0 0 0 178 0 0 0 0 0 0 0 0 0 612 0 0 0 0 0 0 0 0 0 0 0 0 0 0 168 0 0 0 0 0 0 0 0 0 0 0 0 0 0 0 0 0 0 0 0 1 0 0 0 0 0 0 0 0 0 0 0 0 0 0 0 0 0 0 0 0 0 0 0 


0 0 0 0 0 0 0 736 0 0 0 0 0 178 0 0 0 0 0 0 0 0 0 612 0 0 0 0 0 0 0 0 0 0 0 0 0 0 168 0 0 0 0 0 0 0 0 0 0 0 0 0 0 0 0 0 0 0 0 1 0 0 0 0 0 0 0 0 0 0 0 0 0 0 0 0 0 0 0 0 0 0 0 0 


0 0 0 0 0 0 736 0 0 0 0 0 178 0 0 0 0 0 0 0 0 0 612 0 0 0 0 0 0 0 0 0 0 0 0 0 0 168 0 0 0 0 0 0 0 0 0 0 0 0 0 0 0 0 0 0 0 0 1 0 0 0 0 0 0 0 0 0 0 0 0 0 0 0 0 0 0 0 0 0 0 0 0 0 


0 0 0 0 0 736 0 0 0 0 0 178 0 0 0 0 0 0 0 0 0 612 0 0 0 0 0 0 0 0 0 0 0 0 0 0 168 0 0 0 0 0 0 0 0 0 0 0 0 0 0 0 0 0 0 0 0 1 0 0 0 0 0 0 0 0 0 0 0 0 0 0 0 0 0 0 0 0 0 0 0 0 0 0 


0 0 0 0 736 0 0 0 0 0 178 0 0 0 0 0 0 0 0 0 612 0 0 0 0 0 0 0 0 0 0 0 0 0 0 168 0 0 0 0 0 0 0 0 0 0 0 0 0 0 0 0 0 0 0 0 1 0 0 0 0 0 0 0 0 0 0 0 0 0 0 0 0 0 0 0 0 0 0 0 0 0 0 0 


0 0 0 829 0 0 0 0 0 810 0 0 0 0 0 0 0 0 0 266 0 0 0 0 0 0 0 0 0 0 0 0 0 0 404 0 0 0 0 0 0 0 0 0 0 0 0 0 0 0 0 0 0 0 0 1 0 0 0 0 0 0 0 0 0 0 0 0 0 0 0 0 0 0 0 0 0 0 0 0 0 0 0 0 


0 0 829 0 0 0 0 0 810 0 0 0 0 0 0 0 0 0 266 0 0 0 0 0 0 0 0 0 0 0 0 0 0 404 0 0 0 0 0 0 0 0 0 0 0 0 0 0 0 0 0 0 0 0 1 0 0 0 0 0 0 0 0 0 0 0 0 0 0 0 0 0 0 0 0 0 0 0 0 0 0 0 0 0 


0 0 0 7 0 0 680 0 680 680 0 0 0 0 565 565 0 0 565 0 0 0 0 0 0 0 0 0 0 0 0 0 0 0 0 0 0 0 0 0 0 0 1 1031 1 0 0 1031 1031 0 0 0 0 1 0 0 0 0 0 0 0 0 0 0 0 0 0 0 0 0 0 0 0 0 0 0 0 0 0 0 0 0 0 0 


0 0 7 0 0 680 0 680 680 0 0 0 0 565 565 0 0 565 0 0 0 0 0 0 0 0 0 0 0 0 0 0 0 0 0 0 0 0 0 0 0 1 1031 1 0 0 1031 1031 0 0 0 0 1 0 0 0 0 0 0 0 0 0 0 0 0 0 0 0 0 0 0 0 0 0 0 0 0 0 0 0 0 0 0 0 


0 0 0 654 0 0 0 0 163 0 0 0 0 0 0 0 0 454 0 0 0 0 0 0 0 0 0 0 0 0 0 1000 0 0 0 0 0 0 0 0 0 0 0 0 0 0 0 0 0 0 0 1 0 0 0 0 0 0 0 0 0 0 0 0 0 0 0 0 0 0 0 0 0 0 0 0 0 0 0 0 0 0 0 0 


0 0 654 0 0 0 0 163 0 0 0 0 0 0 0 0 454 0 0 0 0 0 0 0 0 0 0 0 0 0 1000 0 0 0 0 0 0 0 0 0 0 0 0 0 0 0 0 0 0 0 1 0 0 0 0 0 0 0 0 0 0 0 0 0 0 0 0 0 0 0 0 0 0 0 0 0 0 0 0 0 0 0 0 0 


0 829 0 0 0 0 810 0 0 0 0 0 0 0 0 266 0 0 0 0 0 0 0 0 0 0 0 0 0 404 0 0 0 0 0 0 0 0 0 0 0 0 0 0 0 0 0 0 0 1 0 0 0 0 0 0 0 0 0 0 0 0 0 0 0 0 0 0 0 0 0 0 0 0 0 0 0 0 0 0 0 0 0 0 


0 7 0 0 680 680 680 0 0 0 0 565 565 0 565 0 0 0 0 0 0 0 0 0 0 0 0 0 0 0 0 0 0 0 0 0 0 0 1 1031 1 0 1031 1031 0 0 0 1 0 0 0 0 0 0 0 0 0 0 0 0 0 0 0 0 0 0 0 0 0 0 0 0 0 0 0 0 0 0 0 0 0 0 0 0 


0 654 0 0 0 163 0 0 0 0 0 0 0 454 0 0 0 0 0 0 0 0 0 0 0 0 1000 0 0 0 0 0 0 0 0 0 0 0 0 0 0 0 0 0 0 1 0 0 0 0 0 0 0 0 0 0 0 0 0 0 0 0 0 0 0 0 0 0 0 0 0 0 0 0 0 0 0 0 0 0 0 0 0 0 


0 0 0 736 0 0 178 0 0 0 0 0 612 0 0 0 0 0 0 0 0 0 168 0 0 0 0 0 0 0 0 0 0 0 0 0 0 1 0 0 0 0 0 0 0 0 0 0 0 0 0 0 0 0 0 0 0 0 0 0 0 0 0 0 0 0 0 0 0 0 0 0 0 0 0 0 0 0 0 0 0 0 0 0 


0 0 736 0 0 178 0 0 0 0 0 612 0 0 0 0 0 0 0 0 0 168 0 0 0 0 0 0 0 0 0 0 0 0 0 0 1 0 0 0 0 0 0 0 0 0 0 0 0 0 0 0 0 0 0 0 0 0 0 0 0 0 0 0 0 0 0 0 0 0 0 0 0 0 0 0 0 0 0 0 0 0 0 0 


0 736 0 0 178 0 0 0 0 0 612 0 0 0 0 0 0 0 0 0 168 0 0 0 0 0 0 0 0 0 0 0 0 0 0 1 0 0 0 0 0 0 0 0 0 0 0 0 0 0 0 0 0 0 0 0 0 0 0 0 0 0 0 0 0 0 0 0 0 0 0 0 0 0 0 0 0 0 0 0 0 0 0 0 


829 0 0 810 0 0 0 0 0 266 0 0 0 0 0 0 0 0 0 404 0 0 0 0 0 0 0 0 0 0 0 0 0 0 1 0 0 0 0 0 0 0 0 0 0 0 0 0 0 0 0 0 0 0 0 0 0 0 0 0 0 0 0 0 0 0 0 0 0 0 0 0 0 0 0 0 0 0 0 0 0 0 0 0 


7 680 680 680 0 565 565 0 565 0 0 0 0 0 0 0 0 0 0 0 0 0 0 1 1031 1 0 1031 1031 0 0 0 1 0 0 0 0 0 0 0 0 0 0 0 0 0 0 0 0 0 0 0 0 0 0 0 0 0 0 0 0 0 0 0 0 0 0 0 0 0 0 0 0 0 0 0 0 0 0 0 0 0 0 0 


654 0 163 0 0 0 0 454 0 0 0 0 0 0 0 0 1000 0 0 0 0 0 0 0 0 0 0 0 0 0 1 0 0 0 0 0 0 0 0 0 0 0 0 0 0 0 0 0 0 0 0 0 0 0 0 0 0 0 0 0 0 0 0 0 0 0 0 0 0 0 0 0 0 0 0 0 0 0 0 0 0 0 0 0 


736 178 0 0 612 0 0 0 0 0 168 0 0 0 0 0 0 0 0 0 1 0 0 0 0 0 0 0 0 0 0 0 0 0 0 0 0 0 0 0 0 0 0 0 0 0 0 0 0 0 0 0 0 0 0 0 0 0 0 0 0 0 0 0 0 0 0 0 0 0 0 0 0 0 0 0 0 0 0 0 0 0 0 0 



